---------
Parameters: WS f 1
Q = 0.631527
---
Number of elements: 247
Number of lists: 17

69: 3 9 14 15 19 20 26 27 35 38 39 47 59 65 66 72 75 78 83 84 87 88 91 92 96 97 98 100 102 109 111 121 122 123 128 129 131 134 143 146 150 157 159 160 168 171 174 175 176 181 186 191 199 208 212 217 220 221 224 225 228 229 235 239 241 243 244 245 246
52: 8 13 16 22 31 33 46 49 55 56 62 63 70 71 79 90 95 99 108 110 115 116 118 126 130 139 140 141 142 145 153 154 156 165 173 182 183 196 197 202 203 204 207 211 218 219 230 234 236 238 242 247
38: 1 2 6 7 11 17 24 28 29 30 34 43 52 53 68 74 80 85 94 105 106 107 120 125 148 149 152 155 164 179 192 193 200 205 210 216 223 231
35: 5 12 18 40 48 54 57 58 64 86 89 104 112 114 124 132 133 144 147 158 161 163 170 177 180 187 189 190 198 209 222 226 227 233 240
13: 10 25 37 45 60 61 67 73 82 101 113 169 232
11: 4 42 51 76 77 93 119 136 137 213 237
8: 23 41 103 162 185 194 201 215
5: 117 135 138 151 172
4: 21 69 81 206
3: 32 127 184
2: 44 166
2: 178 188
1: 36
1: 50
1: 167
1: 195
1: 214
