---------
Parameters: WS f 1
Q = 0.512215
---
Number of elements: 172
Number of lists: 15

55: 2 5 9 13 20 22 32 33 37 41 43 45 46 51 52 54 55 56 60 61 66 70 71 75 76 77 87 92 95 103 105 110 117 118 119 122 126 129 130 131 138 141 143 145 147 149 151 153 157 160 162 163 165 167 168
37: 4 8 14 16 25 28 31 34 36 38 39 40 44 80 82 83 93 98 101 104 114 115 120 121 128 135 136 137 142 146 148 152 156 158 159 166 169
18: 1 3 27 29 59 62 68 69 81 84 97 106 107 123 125 127 155 161
17: 12 21 24 35 47 50 53 57 72 89 90 96 112 139 150 170 171
17: 10 19 23 30 48 58 63 67 74 85 86 111 116 140 144 164 172
11: 6 11 17 78 88 102 108 109 124 132 154
6: 26 42 79 100 133 134
3: 7 65 113
2: 49 94
1: 15
1: 18
1: 64
1: 73
1: 91
1: 99
