---------
Parameters: WS f 1
Q = 0.525578
---
Number of elements: 229
Number of lists: 26

73: 1 2 3 9 10 13 15 17 26 27 28 35 37 42 45 50 53 54 57 63 65 66 67 71 75 76 77 79 82 87 88 89 90 96 106 109 113 115 117 119 122 128 130 136 139 141 143 145 149 152 155 158 161 162 163 166 178 183 187 192 193 195 198 200 204 205 209 213 215 223 224 226 227
42: 5 6 11 16 20 22 29 39 41 49 51 56 69 80 83 86 91 97 99 111 116 129 142 156 157 164 167 173 174 175 177 182 190 206 207 208 210 211 212 216 221 228
28: 7 12 14 21 33 46 62 70 93 103 114 118 125 126 138 140 151 160 170 181 186 191 202 203 214 220 222 229
20: 18 24 34 43 48 78 85 94 107 110 144 154 171 180 196 197 199 201 217 219
10: 25 31 32 81 121 134 147 165 176 225
7: 61 100 105 137 169 185 194
6: 30 40 64 84 148 172
6: 47 58 60 108 153 184
6: 23 36 127 146 168 218
5: 102 123 124 135 159
4: 52 104 150 189
3: 55 74 98
3: 8 112 179
2: 44 68
2: 38 73
2: 120 133
1: 4
1: 19
1: 59
1: 72
1: 92
1: 95
1: 101
1: 131
1: 132
1: 188
