---------
Parameters: WS f 1
Q = 0.547432
---
Number of elements: 177
Number of lists: 14

87: 1 2 3 4 6 7 8 11 14 19 20 21 23 27 29 32 35 38 41 45 49 50 54 55 56 57 58 59 60 67 68 71 76 77 79 81 82 83 84 86 87 90 91 92 94 95 96 97 100 101 102 106 107 108 111 112 113 116 117 118 121 125 129 131 133 136 139 140 141 147 148 149 153 155 157 158 159 161 162 165 166 167 169 170 172 173 174
31: 10 13 17 18 25 33 36 37 39 44 46 51 52 62 70 72 78 80 93 103 115 119 137 142 144 151 156 160 164 168 171
21: 5 12 16 26 30 47 63 64 74 98 99 110 120 124 130 134 135 143 154 163 177
11: 9 28 43 48 53 61 73 85 88 89 126
10: 24 40 69 75 127 138 145 146 175 176
7: 22 66 105 109 114 122 150
3: 31 104 123
1: 15
1: 34
1: 42
1: 65
1: 128
1: 132
1: 152
