---------
Parameters: WS f 1
Q = 0.588080
---
Number of elements: 172
Number of lists: 47

43: 3 8 10 12 23 38 42 46 49 53 54 55 57 59 60 63 73 75 82 85 87 88 89 90 93 94 98 100 107 111 114 118 120 128 133 141 145 148 152 158 161 163 167
41: 2 4 5 9 13 14 21 24 26 33 34 39 44 52 56 58 62 64 78 81 83 92 97 99 101 104 117 119 123 124 127 130 131 134 137 140 149 160 164 166 171
8: 7 11 15 18 31 41 86 135
8: 1 29 67 68 70 138 143 144
5: 19 61 66 132 168
4: 79 96 147 150
4: 16 51 74 153
3: 32 108 170
3: 77 142 169
3: 28 146 156
3: 35 43 157
3: 84 136 172
2: 22 40
2: 37 48
2: 36 91
2: 72 102
2: 76 105
2: 95 122
2: 121 125
2: 45 151
2: 109 159
1: 6
1: 17
1: 20
1: 25
1: 27
1: 30
1: 47
1: 50
1: 65
1: 69
1: 71
1: 80
1: 103
1: 106
1: 110
1: 112
1: 113
1: 115
1: 116
1: 126
1: 129
1: 139
1: 154
1: 155
1: 162
1: 165
