---------
Parameters: WS f 1
Q = 0.685880
---
Number of elements: 180
Number of lists: 47

28: 2 5 17 29 47 59 64 82 83 87 91 99 102 112 120 125 126 130 143 144 148 150 154 156 166 173 176 178
22: 9 24 27 48 49 54 61 68 79 93 95 96 108 114 119 123 132 133 140 142 164 179
20: 3 6 7 11 20 31 73 76 84 85 88 111 117 118 139 149 155 159 160 165
14: 15 16 35 36 42 65 66 77 103 110 127 131 145 151
10: 62 89 121 136 141 161 162 163 170 177
7: 10 55 57 75 97 115 180
6: 1 25 41 69 71 113
6: 21 44 45 74 90 167
5: 23 43 51 63 78
5: 4 52 80 116 169
5: 19 53 92 106 107
3: 30 34 175
3: 13 37 134
3: 60 109 137
2: 38 104
2: 22 58
2: 40 70
2: 14 98
2: 81 128
2: 122 129
2: 28 135
2: 138 153
2: 101 168
2: 147 171
1: 8
1: 12
1: 18
1: 26
1: 32
1: 33
1: 39
1: 46
1: 50
1: 56
1: 67
1: 72
1: 86
1: 94
1: 100
1: 105
1: 124
1: 146
1: 152
1: 157
1: 158
1: 172
1: 174
